[re.jpg]
filters=crop64=1,fffff5a6;Holga=1,79.532166,74.853806,0.000000;finetune2=1,0.181287,0.322807,0.084211,00000000,0.000000;
crop=rect64(fffff5a6)
moddate=223fa2420855d501
width=449
height=470
textactive=0
[write.jpg]
moddate=c73c577c0855d501
width=800
height=595
text=2;133;3;MCQ;Times New Roman;0.341407,0.309666,0.175001,6.283185;v1,4294967295,4294967295,128.000000,1.000000,0.500000,1.000000,400,2,49152;;142;11;___________;Times New Roman;0.301468,0.436342,0.096560,6.283185;v1,4294967295,4294967295,128.000000,1.000000,0.500000,1.000000,400,2,49152;;
textactive=1
